Day_0,Day_1,Day_2
